ID	data	wallCenter	wallRight	wallUp	wallFront	x	y	z	size	frameTitle	parent	uniqueCode
2	./Images/Virtual Museum_Logo.png	0,48.75,395	1,0,0	0,1,0	0,0,1	-38.51192	31.61099	0.2	20	none(caption)	-1:-1	13
4	./Images/t_hokkaido.png	23.70133,19.104,228.0792	-0.7295752,0,0.6839006	0,1,0	-0.6839006,0,-0.7295752	-1.190745	-5.995502	0.2	4	none(caption)	13:1	24
5	./Images/t_nagasaki.png	23.74058,19.104,186.6024	0.7144716,0,0.6996645	0,1,0	-0.6996645,0,0.7144716	-0.4213839	-5.334	0.2	4	none(caption)	10:1	25
6	./Images/t_osaka.png	-19.95353,19.104,187.4775	0.6794519,0,-0.7337201	0,1,0	0.7337201,0,0.6794519	0.5212085	-5.302502	0.2	4	none(caption)	11:3	26
7	./Images/t_tokyo.png	-18.341,19.104,225.2566	-0.7078509,0,-0.7063619	0,1,0	0.7063619,0,-0.7078509	0.2756115	-4.987502	0.2	4	none(caption)	12:3	27
10	./Images/長崎大/Sub Panel 1.png	71.37957,28.656,165.4195	0,0,-1	0,1,0	1,0,0	-19.7018	-10.476	0.2	2	none(caption)	16:3	35
12	./Images/長崎大/Sub Panel 2.png	71.37957,28.656,165.4195	0,0,-1	0,1,0	1,0,0	4.843483	-6.034502	0.2	1.5	none(caption)	16:3	37
20	./Images/大阪大/Sub Panel 1.png	-83.63574,28.656,134.5217	0,0,1	0,1,0	-1,0,0	-19.83431	-10.4445	0.2	2	none(caption)	19:3	37
21	./Images/大阪大/Sub Panel 2.png	-83.63574,28.656,134.5217	0,0,1	0,1,0	-1,0,0	2.428494	-6.065999	0.2	1.5	none(caption)	19:3	38
22	./Images/大阪大/Sub Panel 3.png	-83.63574,28.656,134.5217	0,0,1	0,1,0	-1,0,0	22.55032	-6.0975	0.2	1.5	none(caption)	19:3	39
23	./Images/大阪大/Sub Panel 4.png	-93.63574,28.656,134.5217	0,0,1	0,1,0	1,0,0	-12.24386	-6.192001	0.2	1.5	none(caption)	19:1	40
24	./Images/大阪大/Sub Panel 5.png	-93.63574,28.656,134.5217	0,0,1	0,1,0	1,0,0	12.37617	-6.097501	0.2	1.5	none(caption)	19:1	41
25	./Images/大阪大/Sub Panel 6.png	-146.25,48.75,200	0,0,1	0,1,0	-1,0,0	-144.0667	-21.75	0.2	1.5	none(caption)	-1:-1	42
26	./Images/大阪大/Sub Panel 7.png	-146.25,48.75,200	0,0,1	0,1,0	-1,0,0	-117.5888	-21.75	0.2	1.5	none(caption)	-1:-1	43
27	./Images/大阪大/Sub Panel 8-A.png	-146.25,48.75,200	0,0,1	0,1,0	-1,0,0	-91.47151	-21.75	0.2	1.5	none(caption)	-1:-1	44
28	./Images/大阪大/Sub Panel 8-B.png	-146.25,48.75,200	0,0,1	0,1,0	-1,0,0	-76.40662	-21.6555	0.2	1.5	none(caption)	-1:-1	45
31	./Images/大阪大/Sub Panel 9.png	-146.25,48.75,200	0,0,1	0,1,0	-1,0,0	-48.31631	-21.435	0.2	1.5	none(caption)	-1:-1	48
32	./Images/大阪大/Sub Panel 10.png	-146.25,48.75,200	0,0,1	0,1,0	-1,0,0	-22.27859	-21.435	0.2	1.5	none(caption)	-1:-1	49
33	./Images/大阪大/Sub Panel 11.png	-146.25,48.75,200	0,0,1	0,1,0	-1,0,0	3.62487	-21.5295	0.2	1.5	none(caption)	-1:-1	50
34	./Images/北大/Sub Panel 1.png	50.15821,28.656,307.7615	-1,0,0	0,1,0	0,0,1	-19.82331	-10.4445	0.2	2	none(caption)	23:1	56
35	./Images/北大/Sub Panel 2.png	50.15821,28.656,307.7615	-1,0,0	0,1,0	0,0,1	3.546593	-6.066001	0.2	1.5	none(caption)	23:1	57
37	./Images/北大/Sub Panel 3.png	50.15821,28.656,307.7615	-1,0,0	0,1,0	0,0,1	18.74409	-6.1605	0.2	1.5	none(caption)	23:1	59
38	./Images/北大/Sub Panel 4.png	0,48.75,395	1,0,0	0,1,0	0,0,1	19.76171	-21.5295	0.2	1.5	none(caption)	-1:-1	60
39	./Images/北大/Sub Panel 5.png	0,48.75,395	1,0,0	0,1,0	0,0,1	44.53965	-21.687	0.2	1.5	none(caption)	-1:-1	61
40	./Images/北大/Sub Panel 6.png	0,48.75,395	1,0,0	0,1,0	0,0,1	67.19093	-21.7185	0.2	1.5	none(caption)	-1:-1	62
41	./Images/北大/Sub Panel 7.png	0,48.75,395	1,0,0	0,1,0	0,0,1	91.45905	-21.75	0.2	1.5	none(caption)	-1:-1	63
42	./Images/北大/Sub Panel 8.png	0,48.75,395	1,0,0	0,1,0	0,0,1	113.8305	-21.6555	0.2	1.5	none(caption)	-1:-1	64
43	./Images/北大/Sub Panel 9.png	146.25,48.75,200	0,0,-1	0,1,0	1,0,0	-161.316	-21.75	0.2	1.5	none(caption)	-1:-1	65
44	./Images/北大/Sub Panel 10.png	146.25,48.75,200	0,0,-1	0,1,0	1,0,0	-138.3602	-21.9705	0.2	1.5	none(caption)	-1:-1	66
45	./Images/北大/Sub Panel 11.png	146.25,48.75,200	0,0,-1	0,1,0	1,0,0	-116.3214	-21.9075	0.2	1.5	none(caption)	-1:-1	67
46	./Images/東大/Sub Panel 1.png	-42.41967,28.656,307.7615	1,0,0	0,1,0	0,0,1	-19.91	-10.413	0.2	2	none(caption)	22:1	68
47	./Images/東大/Sub Panel 3.png	-42.41967,28.656,307.7615	1,0,0	0,1,0	0,0,1	4.37301	-6.065999	0.2	1.5	none(caption)	22:1	69
48	./Images/東大/Sub Panel 4-A.png	-146.25,48.75,200	0,0,1	0,1,0	-1,0,0	49.53668	-21.75	0.2	1.5	none(caption)	-1:-1	70
49	./Images/東大/Sub Panel 4-B.png	-146.25,48.75,200	0,0,1	0,1,0	-1,0,0	64.59897	-21.75	0.2	1.5	none(caption)	-1:-1	71
50	./Images/東大/Sub Panel 5.png	-146.25,48.75,200	0,0,1	0,1,0	-1,0,0	87.22762	-21.687	0.2	1.5	none(caption)	-1:-1	72
51	./Images/東大/Sub Panel 6.png	-146.25,48.75,200	0,0,1	0,1,0	-1,0,0	109.705	-21.60901	0.2	1.5	none(caption)	-1:-1	73
52	./Images/東大/Sub Panel 7.png	-146.25,48.75,200	0,0,1	0,1,0	-1,0,0	132.3378	-21.561	0.2	1.5	none(caption)	-1:-1	74
53	./Images/東大/Sub Panel 8.png	-146.25,48.75,200	0,0,1	0,1,0	-1,0,0	154.9803	-21.3405	0.2	1.5	none(caption)	-1:-1	75
54	./Images/東大/Sub Panel ９.png	0,48.75,395	1,0,0	0,1,0	0,0,1	-119.1408	-21.7815	0.2	1.5	none(caption)	-1:-1	76
55	./Images/Virtual Museum_Logo.png	82.5,48.75,0.5	-1,0,0	0,1,0	0,0,-1	13.57085	-21.75	0.2	10	none(caption)	-1:-1	81
56	./Images/長崎大/Sub Panel 3.png	81.37957,28.656,165.4195	0,0,-1	0,1,0	-1,0,0	-18.20679	-6.192002	0.2	1.5	none(caption)	16:1	83
57	./Images/長崎大/Sub Panel 4.png	81.37957,28.656,165.4195	0,0,-1	0,1,0	-1,0,0	1.367474	-6.223502	0.2	1.5	none(caption)	16:1	84
58	./Images/長崎大/Sub Panel 6.png	111.5235,28.656,185.2509	1,0,0	0,1,0	0,0,1	-7.75219	-6.506999	0.2	1.5	none(caption)	26:1	85
59	./Images/長崎大/Sub Panel 7.png	111.5235,28.656,185.2509	1,0,0	0,1,0	0,0,1	11.589	-6.475503	0.2	1.5	none(caption)	26:1	86
60	./Images/長崎大/Sub Panel 8.png	146.25,48.75,200	0,0,-1	0,1,0	1,0,0	37.66944	-24.58499	0.2	1.5	none(caption)	-1:-1	87
61	./Images/長崎大/Sub Panel 9.png	146.25,48.75,200	0,0,-1	0,1,0	1,0,0	62.55959	-24.49049	0.2	1.5	none(caption)	-1:-1	88
63	./Images/gaku/hokkaido2.jpg	50.15821,28.656,317.7615	1,0,0	0,1,0	0,0,-1	-9.870554	-4.081501	0.2	1	MetalGold	23:3	84
65	./Images/gaku/hokkaido1.png	50.15821,28.656,317.7615	1,0,0	0,1,0	0,0,-1	14.57932	-4.081501	0.2	1	Wooden_thin	23:3	86
66	./Images/gaku/tokyo1.png	-42.49967,28.656,317.7615	-1,0,0	0,1,0	0,0,-1	-8.406015	-4.176	0.2	1	MetalGold	22:3	87
67	./Images/gaku/tokyo2.png	-42.49967,28.656,317.7615	-1,0,0	0,1,0	0,0,-1	12.24418	-4.491	0.2	1	Wooden_thin	22:3	88
68	./Images/gaku/osaka1.png	-29.66708,28.656,42.35306	-1,0,0	0,1,0	0,0,-1	-17.76749	-2.096999	0.2	1	MetalGold	28:3	91
69	./Images/gaku/osaka2.png	-29.66708,28.656,42.35306	-1,0,0	0,1,0	0,0,-1	-1.50992	-2.16	0.2	1	Wooden_thin	28:3	92
70	./Images/gaku/nagasaki2.png	71.37957,28.656,128.4529	0,0,-1	0,1,0	1,0,0	-1.730957	-1.656	0.2	1	MetalGold	30:3	95
71	./Images/gaku/nagasaki1.png	76.37957,28.656,121.4249	1,0,0	0,1,0	0,0,1	0.6134307	-1.6875	0.2	0.9	Wooden_thin	30:0	96
73	./Images/DefaultImages/hatena.png	15.08541,28.656,32.4083	1,0,0	0,1,0	0,0,1	-10.95855	-1.656	0.2	1	Wooden_thin	4:3	98
74	./Images/DefaultImages/hatena.png	15.08541,28.656,32.4083	1,0,0	0,1,0	0,0,1	11.01566	-1.656	0.2	1	Wooden_thin	4:3	99
